Test 1
635
844
-999
156 843 
-999
156 843 
-999
156 843 
Test 2
-999
-999
-1
0 67 
0
0 108 
-999
0 108 
Test 3
1224
1057
-999
625 500 
-999
625 500 
1
625 0 
Test 4
-999
-999
-1
113 235 
-999
113 235 
-999
113 235 
Test 5
1221
808
-1
0 766 
-999
0 766 
-999
0 766 
Test 6
778
781
1
324 0 
1
454 0 
0
454 0 
Test 7
-999
-999
1
338 302 
0
474 460 
1
474 0 
Test 8
-999
-999
0
768 299 
-999
768 299 
-999
768 299 
Test 9
-999
-999
-999
332 651 
-999
332 651 
-999
332 651 
Test 10
-999
-999
0
176 650 
-999
176 650 
-999
176 650 
